0 0.357836 0.503909 0.232565 0.792445 0.967733
0 0.619745 0.503655 0.239794 0.794473 0.964443
2 0.26118 0.281921 0.0402035 0.0692413 0.94404
1 0.719783 0.86375 0.0410916 0.072357 0.922078
2 0.262102 0.213621 0.038993 0.0695265 0.915968
2 0.522719 0.868414 0.0401386 0.0705563 0.906371
2 0.418156 0.868535 0.0395016 0.0701867 0.903534
4 0.0831188 0.0758608 0.129879 0.151722 0.902262
2 0.419481 0.799693 0.0406476 0.0703693 0.900439
2 0.261057 0.420107 0.0417489 0.0720449 0.878654
2 0.522595 0.799908 0.039299 0.0708603 0.860448
1 0.267302 0.866926 0.041362 0.0711314 0.854846
1 0.520531 0.206534 0.039599 0.0707401 0.852015
2 0.52253 0.65989 0.0401144 0.0710193 0.849418
2 0.417436 0.729761 0.0398937 0.0724435 0.838804
1 0.719613 0.794348 0.0414661 0.0728777 0.835728
2 0.263082 0.144904 0.0409236 0.0681901 0.832086
1 0.264278 0.729614 0.0416007 0.0711848 0.831366
1 0.415506 0.277789 0.0437184 0.0734851 0.830491
2 0.715877 0.140556 0.0416299 0.0711342 0.82795
1 0.521078 0.276515 0.0408523 0.0725815 0.824198
1 0.266089 0.797691 0.040756 0.0714725 0.815389
2 0.261594 0.350564 0.0408122 0.0705909 0.810154
1 0.415542 0.139157 0.0390794 0.0695366 0.808914
2 0.522409 0.729938 0.0392249 0.0705526 0.799025
1 0.413538 0.207844 0.0410756 0.0717635 0.782567
1 0.263439 0.661822 0.0416866 0.0718665 0.77726
1 0.262686 0.59214 0.0430956 0.0722825 0.773777
2 0.717308 0.209686 0.0396042 0.071412 0.762641
1 0.521079 0.346989 0.0414667 0.0726374 0.759315
2 0.52157 0.589437 0.0410833 0.0722165 0.74871
1 0.520362 0.137921 0.0390092 0.0684291 0.725839
1 0.521713 0.418529 0.0420655 0.0786667 0.71219
5 0.383367 0.747001 0.0400867 0.297926 0.678637
5 0.34007 0.262349 0.0367152 0.303662 0.632967
5 0.595302 0.260901 0.0408247 0.302801 0.631309
5 0.669705 0.262761 0.0423681 0.307229 0.599519
5 0.296277 0.267042 0.0500889 0.297783 0.566732
5 0.345607 0.750965 0.0473356 0.308817 0.563838
5 0.378751 0.261109 0.0398722 0.302432 0.554397
5 0.561103 0.746962 0.0375456 0.29708 0.545961
3 0.907511 0.199652 0.0243767 0.0339587 0.534347
5 0.457436 0.751915 0.0396688 0.293937 0.533664
5 0.59535 0.743134 0.0527449 0.302049 0.510406
5 0.456412 0.26335 0.0452835 0.305403 0.510401
5 0.670564 0.741604 0.0543706 0.30311 0.505286
5 0.632617 0.261631 0.0449043 0.309023 0.504742
5 0.306437 0.266294 0.0464205 0.310386 0.50197
5 0.308499 0.752103 0.0465517 0.308488 0.500632
5 0.644757 0.742571 0.0482162 0.297759 0.48871
5 0.682884 0.741672 0.0531609 0.302489 0.487561
5 0.711401 0.326648 0.0278019 0.175255 0.484588
5 0.679591 0.262123 0.0505638 0.307979 0.476553
5 0.633637 0.742535 0.0492594 0.300226 0.469216
5 0.416886 0.642581 0.01994 0.107611 0.467864
5 0.603294 0.745392 0.0400829 0.301144 0.465749
5 0.421386 0.642525 0.0213232 0.107773 0.463752
5 0.557056 0.260067 0.0439762 0.309858 0.446602
5 0.448188 0.264258 0.0474899 0.302189 0.445765
5 0.419618 0.363191 0.01714 0.105212 0.407985
5 0.568394 0.747697 0.0539117 0.304324 0.403022
5 0.555228 0.75309 0.051088 0.322854 0.3842
3 0.910586 0.190822 0.03062 0.0512297 0.38296
3 0.918915 0.179489 0.0156532 0.0265782 0.376901
5 0.71653 0.677509 0.0255056 0.174329 0.352063
3 0.90323 0.13566 0.0187634 0.0259001 0.333461
5 0.296044 0.753039 0.0430005 0.28518 0.329595
5 0.677246 0.744276 0.0357855 0.297364 0.324985
1 0.882721 0.143475 0.0193033 0.0309513 0.324072
5 0.711859 0.678214 0.0272543 0.170348 0.323982
5 0.416777 0.361377 0.016242 0.11104 0.306881
1 0.992542 0.859054 0.0138229 0.0684011 0.295504
5 0.33588 0.750924 0.0534059 0.308215 0.259223
5 0.303806 0.752245 0.0343637 0.284656 0.252465
